xflr5 v6.62

 Calculated polar for: AG35

 1 1 Reynolds number fixed          Mach number fixed         

 xtrf =   1.000 (top)        1.000 (bottom)
 Mach =   0.000     Re =     0.100 e 6     Ncrit =   9.000

  alpha     CL        CD       CDp       Cm    Top Xtr Bot Xtr   Cpmin    Chinge    XCp    
 ------- -------- --------- --------- -------- ------- ------- -------- --------- ---------
  -5.000  -0.2323   0.02095   0.01185  -0.0353  1.0000  0.0825  -2.1679   0.0000   0.0000   0.0000   0.0943
  -4.500  -0.1836   0.01859   0.00944  -0.0339  1.0000  0.0975  -1.9501   0.0000   0.0000   0.0000   0.0605
  -4.000  -0.1335   0.01669   0.00775  -0.0331  1.0000  0.1346  -1.7463   0.0000   0.0000   0.0000  -0.0039
  -3.500  -0.0803   0.01325   0.00680  -0.0331  1.0000  0.6065  -1.5248   0.0000   0.0000   0.0000  -0.1721
  -3.000  -0.0351   0.01276   0.00677  -0.0303  1.0000  1.0000  -1.2374   0.0000   0.0000   0.0000  -0.6344
  -2.500   0.0541   0.01331   0.00676  -0.0382  0.9850  1.0000  -0.8774   0.0000   0.0000   0.0000   0.9692
  -2.000   0.1625   0.01354   0.00662  -0.0492  0.9563  1.0000  -0.5181   0.0000   0.0000   0.0000   0.5564
  -1.500   0.2661   0.01343   0.00630  -0.0584  0.9254  1.0000  -0.5164   0.0000   0.0000   0.0000   0.4710
  -1.000   0.3442   0.01326   0.00597  -0.0615  0.8865  1.0000  -0.5923   0.0000   0.0000   0.0000   0.4295
  -0.500   0.4021   0.01318   0.00573  -0.0603  0.8448  1.0000  -0.6617   0.0000   0.0000   0.0000   0.3999
   0.000   0.4515   0.01330   0.00568  -0.0577  0.8011  1.0000  -0.7302   0.0000   0.0000   0.0000   0.3771
   0.500   0.5011   0.01353   0.00574  -0.0553  0.7604  1.0000  -0.8059   0.0000   0.0000   0.0000   0.3590
   1.000   0.5511   0.01385   0.00592  -0.0532  0.7209  1.0000  -0.8921   0.0000   0.0000   0.0000   0.3448
   1.500   0.6017   0.01419   0.00618  -0.0516  0.6821  1.0000  -0.9932   0.0000   0.0000   0.0000   0.3332
   2.000   0.6527   0.01451   0.00641  -0.0500  0.6430  1.0000  -1.1094   0.0000   0.0000   0.0000   0.3235
   2.500   0.7037   0.01504   0.00679  -0.0484  0.6035  1.0000  -1.2430   0.0000   0.0000   0.0000   0.3150
   3.000   0.7541   0.01587   0.00753  -0.0470  0.5605  1.0000  -1.3998   0.0000   0.0000   0.0000   0.3079
   3.500   0.8034   0.01667   0.00833  -0.0455  0.5131  1.0000  -1.5982   0.0000   0.0000   0.0000   0.3016
   4.000   0.8519   0.01729   0.00899  -0.0440  0.4613  1.0000  -1.9114   0.0000   0.0000   0.0000   0.2958
   4.500   0.8992   0.01785   0.00951  -0.0422  0.4042  1.0000  -2.2741   0.0000   0.0000   0.0000   0.2905
   5.000   0.9447   0.01881   0.01035  -0.0405  0.3427  1.0000  -2.6781   0.0000   0.0000   0.0000   0.2856
   5.500   0.9884   0.02023   0.01166  -0.0388  0.2819  1.0000  -3.0895   0.0000   0.0000   0.0000   0.2812
   6.000   1.0297   0.02208   0.01332  -0.0371  0.2260  1.0000  -3.5165   0.0000   0.0000   0.0000   0.2772
   6.500   1.0679   0.02423   0.01541  -0.0351  0.1722  1.0000  -3.9533   0.0000   0.0000   0.0000   0.2732
   7.000   1.1022   0.02680   0.01793  -0.0327  0.1242  1.0000  -4.3563   0.0000   0.0000   0.0000   0.2693
   7.500   1.1337   0.03016   0.02128  -0.0301  0.0877  1.0000  -4.6911   0.0000   0.0000   0.0000   0.2652
   8.000   1.1666   0.03435   0.02556  -0.0276  0.0670  1.0000  -4.9803   0.0000   0.0000   0.0000   0.2616
   8.500   1.1999   0.03934   0.03093  -0.0252  0.0561  1.0000  -5.2640   0.0000   0.0000   0.0000   0.2582
   9.000   1.2280   0.04537   0.03729  -0.0230  0.0497  1.0000  -5.5471   0.0000   0.0000   0.0000   0.2552
   9.500   1.2309   0.05233   0.04529  -0.0185  0.0477  1.0000  -5.5958   0.0000   0.0000   0.0000   0.2508
  10.000   1.2120   0.05943   0.05314  -0.0135  0.0464  1.0000  -5.5716   0.0000   0.0000   0.0000   0.2463
  10.500   1.1747   0.06754   0.06183  -0.0107  0.0462  1.0000  -5.4558   0.0000   0.0000   0.0000   0.2435
  11.000   1.1262   0.07886   0.07365  -0.0136  0.0472  1.0000  -5.2339   0.0000   0.0000   0.0000   0.2458
  11.500   1.0758   0.09377   0.08889  -0.0218  0.0488  1.0000  -4.9424   0.0000   0.0000   0.0000   0.2534
  12.000   1.0334   0.11038   0.10565  -0.0310  0.0501  1.0000  -4.6372   0.0000   0.0000   0.0000   0.2628
  12.500   0.9470   0.14691   0.14217  -0.0525  0.0602  1.0000  -3.4299   0.0000   0.0000   0.0000   0.2898


