xflr5 v6.62

 Calculated polar for: NACA 4412

 1 1 Reynolds number fixed          Mach number fixed         

 xtrf =   1.000 (top)        1.000 (bottom)
 Mach =   0.000     Re =     0.100 e 6     Ncrit =   9.000

  alpha     CL        CD       CDp       Cm    Top Xtr Bot Xtr   Cpmin    Chinge    XCp    
 ------- -------- --------- --------- -------- ------- ------- -------- --------- ---------
  -5.000  -0.3289   0.03956   0.03314  -0.0671  0.9738  0.0933  -2.4088   0.0000   0.0000   0.0000   0.0379
  -4.500  -0.2399   0.03256   0.02464  -0.0761  0.9635  0.1014  -2.2906   0.0000   0.0000   0.0000  -0.0776
  -4.000  -0.1647   0.02900   0.02057  -0.0810  0.9482  0.1132  -2.0967   0.0000   0.0000   0.0000  -0.2553
  -3.500  -0.0904   0.02700   0.01819  -0.0850  0.9325  0.1336  -1.8624   0.0000   0.0000   0.0000  -0.7120
  -3.000  -0.0097   0.02521   0.01630  -0.0900  0.9187  0.1629  -1.5946   0.0000   0.0000   0.0000  -9.1682
  -2.500   0.0726   0.02370   0.01481  -0.0949  0.9035  0.2072  -1.3323   0.0000   0.0000   0.0000   1.5759
  -2.000   0.1408   0.02261   0.01390  -0.0972  0.8847  0.2696  -1.1260   0.0000   0.0000   0.0000   0.9481
  -1.000   0.3003   0.01848   0.01223  -0.1030  0.8569  1.0000  -0.6969   0.0000   0.0000   0.0000   0.5945
  -0.500   0.3655   0.01834   0.01160  -0.1043  0.8364  1.0000  -0.6754   0.0000   0.0000   0.0000   0.5355
   0.000   0.4367   0.01798   0.01089  -0.1062  0.8195  1.0000  -0.7260   0.0000   0.0000   0.0000   0.4925
   0.500   0.5030   0.01760   0.01023  -0.1071  0.8002  1.0000  -0.7770   0.0000   0.0000   0.0000   0.4614
   1.000   0.5562   0.01777   0.01021  -0.1061  0.7770  1.0000  -0.8199   0.0000   0.0000   0.0000   0.4387
   1.500   0.6115   0.01793   0.01019  -0.1054  0.7550  1.0000  -0.8681   0.0000   0.0000   0.0000   0.4197
   2.000   0.6717   0.01802   0.01009  -0.1055  0.7365  1.0000  -0.9221   0.0000   0.0000   0.0000   0.4038
   2.500   0.7283   0.01820   0.01016  -0.1050  0.7159  1.0000  -0.9770   0.0000   0.0000   0.0000   0.3904
   3.000   0.7767   0.01888   0.01080  -0.1036  0.6943  1.0000  -1.0288   0.0000   0.0000   0.0000   0.3791
   3.500   0.8308   0.01939   0.01124  -0.1029  0.6756  1.0000  -1.0913   0.0000   0.0000   0.0000   0.3691
   4.000   0.8875   0.01975   0.01151  -0.1026  0.6572  1.0000  -1.1649   0.0000   0.0000   0.0000   0.3602
   4.500   0.9332   0.02066   0.01257  -0.1009  0.6365  1.0000  -1.2483   0.0000   0.0000   0.0000   0.3523
   5.000   0.9865   0.02131   0.01321  -0.1001  0.6182  1.0000  -1.3879   0.0000   0.0000   0.0000   0.3451
   5.500   1.0409   0.02178   0.01367  -0.0994  0.5986  1.0000  -1.5662   0.0000   0.0000   0.0000   0.3385
   6.000   1.0853   0.02270   0.01481  -0.0974  0.5767  1.0000  -1.7540   0.0000   0.0000   0.0000   0.3321
   6.500   1.1345   0.02336   0.01556  -0.0959  0.5546  1.0000  -1.9728   0.0000   0.0000   0.0000   0.3262
   7.000   1.1856   0.02369   0.01591  -0.0943  0.5298  1.0000  -2.2283   0.0000   0.0000   0.0000   0.3206
   7.500   1.2333   0.02387   0.01612  -0.0921  0.5009  1.0000  -2.4861   0.0000   0.0000   0.0000   0.3150
   8.000   1.2767   0.02405   0.01644  -0.0892  0.4693  1.0000  -2.7609   0.0000   0.0000   0.0000   0.3095
   8.500   1.3162   0.02424   0.01671  -0.0858  0.4349  1.0000  -3.0585   0.0000   0.0000   0.0000   0.3040
   9.000   1.3511   0.02443   0.01689  -0.0816  0.3964  1.0000  -3.3509   0.0000   0.0000   0.0000   0.2984
   9.500   1.3697   0.02512   0.01774  -0.0752  0.3488  1.0000  -3.5911   0.0000   0.0000   0.0000   0.2921
  10.000   1.3713   0.02662   0.01901  -0.0666  0.2898  1.0000  -3.7756   0.0000   0.0000   0.0000   0.2850
  10.500   1.3551   0.02985   0.02192  -0.0572  0.2215  1.0000  -3.8857   0.0000   0.0000   0.0000   0.2778
  11.000   1.3374   0.03452   0.02620  -0.0497  0.1680  1.0000  -3.9701   0.0000   0.0000   0.0000   0.2719
  11.500   1.3280   0.03949   0.03083  -0.0441  0.1359  1.0000  -4.0706   0.0000   0.0000   0.0000   0.2671
  12.000   1.3299   0.04403   0.03535  -0.0402  0.1134  1.0000  -4.2029   0.0000   0.0000   0.0000   0.2632
  12.500   1.3415   0.04826   0.03955  -0.0368  0.0977  1.0000  -4.3898   0.0000   0.0000   0.0000   0.2596
  13.000   1.3706   0.05206   0.04326  -0.0341  0.0856  1.0000  -4.6605   0.0000   0.0000   0.0000   0.2562
  13.500   1.3845   0.05647   0.04800  -0.0315  0.0777  1.0000  -4.8647   0.0000   0.0000   0.0000   0.2532
  14.000   1.4004   0.06147   0.05320  -0.0294  0.0701  1.0000  -5.0837   0.0000   0.0000   0.0000   0.2505
  14.500   1.4004   0.06731   0.05950  -0.0272  0.0658  1.0000  -5.2136   0.0000   0.0000   0.0000   0.2481
  15.000   1.4000   0.07359   0.06612  -0.0257  0.0626  1.0000  -5.3432   0.0000   0.0000   0.0000   0.2461


