xflr5 v6.62

 Calculated polar for: S1223

 1 1 Reynolds number fixed          Mach number fixed         

 xtrf =   1.000 (top)        1.000 (bottom)
 Mach =   0.000     Re =     0.100 e 6     Ncrit =   9.000

  alpha     CL        CD       CDp       Cm    Top Xtr Bot Xtr   Cpmin    Chinge    XCp    
 ------- -------- --------- --------- -------- ------- ------- -------- --------- ---------
  -5.000   0.0276   0.10423   0.10011  -0.0659  0.8972  0.0647  -0.9874   0.0000   0.0000   0.0000   2.7298
  -4.500   0.0793   0.09720   0.09308  -0.0801  0.8669  0.0658  -1.0395   0.0000   0.0000   0.0000   1.2894
  -3.500   0.1683   0.07808   0.07399  -0.0809  0.8191  0.0787  -0.8187   0.0000   0.0000   0.0000   0.7405
  -3.000   0.2621   0.06882   0.06459  -0.1085  0.7833  0.0895  -0.8788   0.0000   0.0000   0.0000   0.6692
  -2.500   0.3460   0.05994   0.05541  -0.1141  0.7457  0.1028  -0.9328   0.0000   0.0000   0.0000   0.5829
  -2.000   0.4598   0.05173   0.04670  -0.1368  0.6928  0.1236  -1.0017   0.0000   0.0000   0.0000   0.5490
  -1.500   0.5779   0.04515   0.03959  -0.1588  0.6496  0.1534  -1.0789   0.0000   0.0000   0.0000   0.5251
  -0.500   1.1003   0.02208   0.01268  -0.2664  0.5781  0.0926  -1.3888   0.0000   0.0000   0.0000   0.4908
   0.000   1.1711   0.02350   0.01465  -0.2685  0.5599  0.3785  -1.4532   0.0000   0.0000   0.0000   0.4773
   0.500   1.2203   0.02436   0.01548  -0.2665  0.5440  0.4349  -1.5093   0.0000   0.0000   0.0000   0.4656
   1.000   1.2914   0.02521   0.01593  -0.2698  0.5300  0.4682  -1.5807   0.0000   0.0000   0.0000   0.4552
   1.500   1.3534   0.02614   0.01680  -0.2713  0.5201  0.5014  -1.6427   0.0000   0.0000   0.0000   0.4460
   2.000   1.4116   0.02698   0.01775  -0.2719  0.5102  0.5489  -1.7027   0.0000   0.0000   0.0000   0.4373
   2.500   1.4672   0.02786   0.01870  -0.2717  0.5012  0.6224  -1.7626   0.0000   0.0000   0.0000   0.4291
   3.000   1.5203   0.02928   0.02021  -0.2711  0.4914  0.7535  -1.8237   0.0000   0.0000   0.0000   0.4213
   3.500   1.5560   0.03018   0.02133  -0.2673  0.4850  1.0000  -1.8725   0.0000   0.0000   0.0000   0.4140
   4.000   1.6051   0.03190   0.02305  -0.2666  0.4779  1.0000  -1.9320   0.0000   0.0000   0.0000   0.4075
   4.500   1.6517   0.03374   0.02492  -0.2652  0.4707  1.0000  -1.9972   0.0000   0.0000   0.0000   0.4012
   5.000   1.6995   0.03557   0.02684  -0.2641  0.4639  1.0000  -2.0666   0.0000   0.0000   0.0000   0.3951
   5.500   1.7516   0.03788   0.02900  -0.2638  0.4559  1.0000  -2.1502   0.0000   0.0000   0.0000   0.3894
   6.000   1.7822   0.04093   0.03231  -0.2601  0.4497  1.0000  -2.2146   0.0000   0.0000   0.0000   0.3839
   6.500   1.8049   0.04375   0.03546  -0.2549  0.4430  1.0000  -2.2720   0.0000   0.0000   0.0000   0.3784
   7.000   1.8320   0.04627   0.03818  -0.2505  0.4344  1.0000  -2.3411   0.0000   0.0000   0.0000   0.3730
   7.500   1.8634   0.04871   0.04075  -0.2468  0.4270  1.0000  -2.4269   0.0000   0.0000   0.0000   0.3678
   8.000   1.9145   0.05124   0.04342  -0.2464  0.4191  1.0000  -2.5507   0.0000   0.0000   0.0000   0.3630
   8.500   1.8790   0.05723   0.04999  -0.2334  0.4116  1.0000  -2.5561   0.0000   0.0000   0.0000   0.3577
  10.000   1.7936   0.07515   0.06874  -0.2036  0.3853  1.0000  -2.6417   0.0000   0.0000   0.0000   0.3441


