xflr5 v6.62

 Calculated polar for: S7012 8.75%

 1 1 Reynolds number fixed          Mach number fixed         

 xtrf =   1.000 (top)        1.000 (bottom)
 Mach =   0.000     Re =     0.100 e 6     Ncrit =   9.000

  alpha     CL        CD       CDp       Cm    Top Xtr Bot Xtr   Cpmin    Chinge    XCp    
 ------- -------- --------- --------- -------- ------- ------- -------- --------- ---------
  -4.500  -0.3261   0.03144   0.02425  -0.0440  1.0000  0.0494  -2.1540   0.0000   0.0000   0.0000   0.1118
  -4.000  -0.2798   0.02471   0.01664  -0.0429  1.0000  0.0418  -2.1727   0.0000   0.0000   0.0000   0.0932
  -3.500  -0.2296   0.02065   0.01189  -0.0409  1.0000  0.0381  -2.1288   0.0000   0.0000   0.0000   0.0684
  -3.000  -0.1816   0.01787   0.00894  -0.0392  1.0000  0.0393  -1.9788   0.0000   0.0000   0.0000   0.0303
  -2.500  -0.1326   0.01612   0.00696  -0.0382  1.0000  0.0481  -1.7992   0.0000   0.0000   0.0000  -0.0426
  -2.000  -0.0865   0.01244   0.00601  -0.0369  1.0000  0.6964  -1.6293   0.0000   0.0000   0.0000  -0.1814
  -1.500  -0.0754   0.01224   0.00642  -0.0256  1.0000  0.9668  -1.3786   0.0000   0.0000   0.0000  -0.0933
  -1.000   0.0364   0.01270   0.00633  -0.0385  0.9749  1.0000  -0.8025   0.0000   0.0000   0.0000   1.3132
  -0.500   0.1415   0.01290   0.00622  -0.0492  0.9460  1.0000  -0.4154   0.0000   0.0000   0.0000   0.5974
   0.000   0.2417   0.01284   0.00599  -0.0579  0.9178  1.0000  -0.4867   0.0000   0.0000   0.0000   0.4887
   0.500   0.3186   0.01275   0.00573  -0.0615  0.8803  1.0000  -0.5506   0.0000   0.0000   0.0000   0.4418
   1.000   0.3848   0.01272   0.00554  -0.0624  0.8435  1.0000  -0.6183   0.0000   0.0000   0.0000   0.4108
   1.500   0.4376   0.01296   0.00564  -0.0612  0.8006  1.0000  -0.6826   0.0000   0.0000   0.0000   0.3880
   2.000   0.4905   0.01325   0.00579  -0.0598  0.7608  1.0000  -0.7571   0.0000   0.0000   0.0000   0.3698
   2.500   0.5428   0.01364   0.00612  -0.0584  0.7231  1.0000  -0.8447   0.0000   0.0000   0.0000   0.3552
   3.000   0.5948   0.01411   0.00647  -0.0571  0.6861  1.0000  -0.9416   0.0000   0.0000   0.0000   0.3433
   3.500   0.6465   0.01461   0.00688  -0.0557  0.6482  1.0000  -1.0665   0.0000   0.0000   0.0000   0.3331
   4.000   0.6981   0.01517   0.00739  -0.0544  0.6099  1.0000  -1.2239   0.0000   0.0000   0.0000   0.3245
   4.500   0.7493   0.01577   0.00794  -0.0530  0.5695  1.0000  -1.5582   0.0000   0.0000   0.0000   0.3168
   5.000   0.7996   0.01635   0.00856  -0.0515  0.5254  1.0000  -1.9970   0.0000   0.0000   0.0000   0.3100
   5.500   0.8488   0.01691   0.00964  -0.0497  0.4736  1.0000  -2.6628   0.0000   0.0000   0.0000   0.3038
   6.000   0.8966   0.01752   0.01017  -0.0477  0.4160  1.0000  -3.2674   0.0000   0.0000   0.0000   0.2978
   6.500   0.9411   0.01812   0.01081  -0.0454  0.3418  1.0000  -3.8581   0.0000   0.0000   0.0000   0.2923
   7.000   0.9753   0.01951   0.01146  -0.0429  0.1886  1.0000  -4.3646   0.0000   0.0000   0.0000   0.2874
   7.500   0.9899   0.02596   0.01680  -0.0379  0.0357  1.0000  -4.1651   0.0000   0.0000   0.0000   0.2812
   8.000   1.0215   0.03000   0.02122  -0.0343  0.0289  1.0000  -4.2736   0.0000   0.0000   0.0000   0.2760
   8.500   1.0590   0.03521   0.02671  -0.0317  0.0272  1.0000  -4.4669   0.0000   0.0000   0.0000   0.2717
   9.000   1.0965   0.04160   0.03378  -0.0291  0.0276  1.0000  -4.6024   0.0000   0.0000   0.0000   0.2678
   9.500   1.1139   0.04991   0.04319  -0.0255  0.0297  1.0000  -4.5503   0.0000   0.0000   0.0000   0.2636
  10.000   1.1009   0.05908   0.05333  -0.0216  0.0318  1.0000  -4.4027   0.0000   0.0000   0.0000   0.2600
  10.500   1.0681   0.06733   0.06213  -0.0189  0.0330  1.0000  -4.2706   0.0000   0.0000   0.0000   0.2575
  11.000   1.0279   0.07737   0.07258  -0.0221  0.0337  1.0000  -4.1093   0.0000   0.0000   0.0000   0.2607
  11.500   0.9840   0.09112   0.08663  -0.0316  0.0340  1.0000  -3.8731   0.0000   0.0000   0.0000   0.2707
  12.000   0.9390   0.10982   0.10549  -0.0454  0.0346  1.0000  -3.4998   0.0000   0.0000   0.0000   0.2867
  12.500   0.9099   0.12799   0.12363  -0.0557  0.0363  1.0000  -3.1325   0.0000   0.0000   0.0000   0.2994
  13.000   0.8827   0.15192   0.14746  -0.0687  0.0468  1.0000  -2.4064   0.0000   0.0000   0.0000   0.3164
  14.500   0.8801   0.19105   0.18641  -0.0880  0.0816  1.0000  -1.7435   0.0000   0.0000   0.0000   0.3378
  15.000   0.8892   0.19890   0.19433  -0.0920  0.0767  1.0000  -1.7051   0.0000   0.0000   0.0000   0.3408


