xflr5 v6.62

 Calculated polar for: NACA 4412

 1 1 Reynolds number fixed          Mach number fixed         

 xtrf =   1.000 (top)        1.000 (bottom)
 Mach =   0.000     Re =     0.150 e 6     Ncrit =   9.000

  alpha     CL        CD       CDp       Cm    Top Xtr Bot Xtr   Cpmin    Chinge    XCp    
 ------- -------- --------- --------- -------- ------- ------- -------- --------- ---------
  -6.000  -0.3453   0.03395   0.02795  -0.0804  0.9651  0.0631  -2.9780   0.0000   0.0000   0.0000   0.0073
  -5.500  -0.2804   0.02877   0.02192  -0.0843  0.9522  0.0680  -2.7777   0.0000   0.0000   0.0000  -0.0620
  -5.000  -0.1964   0.02542   0.01797  -0.0909  0.9450  0.0787  -2.4687   0.0000   0.0000   0.0000  -0.2271
  -4.500  -0.1316   0.02308   0.01501  -0.0926  0.9303  0.0876  -2.2705   0.0000   0.0000   0.0000  -0.4727
  -4.000  -0.0458   0.02090   0.01275  -0.0987  0.9242  0.1059  -1.9662   0.0000   0.0000   0.0000  -1.9530
  -3.500   0.0175   0.01950   0.01136  -0.1001  0.9083  0.1257  -1.7080   0.0000   0.0000   0.0000   6.0718
  -3.000   0.1038   0.01796   0.00987  -0.1056  0.9014  0.1629  -1.4010   0.0000   0.0000   0.0000   1.2824
  -2.500   0.1616   0.01699   0.00906  -0.1056  0.8830  0.2070  -1.1994   0.0000   0.0000   0.0000   0.9117
  -2.000   0.2248   0.01598   0.00829  -0.1066  0.8675  0.2737  -0.9887   0.0000   0.0000   0.0000   0.7286
  -1.500   0.2907   0.01461   0.00734  -0.1078  0.8530  0.3835  -0.7880   0.0000   0.0000   0.0000   0.6230
  -1.000   0.3330   0.01296   0.00716  -0.1037  0.8315  0.7559  -0.6624   0.0000   0.0000   0.0000   0.5623
  -0.500   0.4227   0.01238   0.00660  -0.1088  0.8124  1.0000  -0.7216   0.0000   0.0000   0.0000   0.5071
   0.000   0.4779   0.01228   0.00618  -0.1080  0.7889  1.0000  -0.7640   0.0000   0.0000   0.0000   0.4750
   0.500   0.5332   0.01230   0.00591  -0.1073  0.7655  1.0000  -0.8083   0.0000   0.0000   0.0000   0.4495
   1.000   0.5883   0.01241   0.00572  -0.1066  0.7411  1.0000  -0.8543   0.0000   0.0000   0.0000   0.4289
   1.500   0.6399   0.01266   0.00578  -0.1054  0.7162  1.0000  -0.9007   0.0000   0.0000   0.0000   0.4119
   2.000   0.6917   0.01299   0.00596  -0.1044  0.6921  1.0000  -0.9492   0.0000   0.0000   0.0000   0.3976
   2.500   0.7444   0.01341   0.00626  -0.1037  0.6703  1.0000  -1.0012   0.0000   0.0000   0.0000   0.3853
   3.000   0.7984   0.01385   0.00652  -0.1031  0.6503  1.0000  -1.0590   0.0000   0.0000   0.0000   0.3747
   3.500   0.8505   0.01428   0.00688  -0.1023  0.6302  1.0000  -1.1212   0.0000   0.0000   0.0000   0.3653
   4.500   0.9556   0.01541   0.00793  -0.1009  0.5930  1.0000  -1.2923   0.0000   0.0000   0.0000   0.3495
   5.000   1.0057   0.01590   0.00847  -0.0998  0.5737  1.0000  -1.4403   0.0000   0.0000   0.0000   0.3426
   5.500   1.0560   0.01653   0.00914  -0.0988  0.5546  1.0000  -1.6202   0.0000   0.0000   0.0000   0.3363
   6.000   1.1081   0.01711   0.00971  -0.0979  0.5345  1.0000  -1.8283   0.0000   0.0000   0.0000   0.3305
   6.500   1.1560   0.01750   0.01013  -0.0962  0.5110  1.0000  -2.0617   0.0000   0.0000   0.0000   0.3248
   7.000   1.2012   0.01789   0.01058  -0.0941  0.4846  1.0000  -2.3065   0.0000   0.0000   0.0000   0.3192
   7.500   1.2450   0.01832   0.01106  -0.0917  0.4568  1.0000  -2.5564   0.0000   0.0000   0.0000   0.3138
   8.000   1.2863   0.01878   0.01161  -0.0890  0.4268  1.0000  -2.8399   0.0000   0.0000   0.0000   0.3086
   8.500   1.3230   0.01934   0.01222  -0.0856  0.3929  1.0000  -3.1303   0.0000   0.0000   0.0000   0.3033
   9.000   1.3527   0.02004   0.01301  -0.0811  0.3494  1.0000  -3.4047   0.0000   0.0000   0.0000   0.2978
   9.500   1.3709   0.02133   0.01415  -0.0750  0.2939  1.0000  -3.6463   0.0000   0.0000   0.0000   0.2918
  10.000   1.3720   0.02354   0.01606  -0.0669  0.2264  1.0000  -3.8281   0.0000   0.0000   0.0000   0.2851
  10.500   1.3607   0.02720   0.01933  -0.0587  0.1605  1.0000  -3.9558   0.0000   0.0000   0.0000   0.2787
  11.000   1.3493   0.03163   0.02347  -0.0521  0.1211  1.0000  -4.0720   0.0000   0.0000   0.0000   0.2733
  11.500   1.3450   0.03613   0.02793  -0.0473  0.0989  1.0000  -4.2021   0.0000   0.0000   0.0000   0.2690
  12.000   1.3421   0.04092   0.03271  -0.0434  0.0854  1.0000  -4.3299   0.0000   0.0000   0.0000   0.2652
  12.500   1.3469   0.04534   0.03723  -0.0404  0.0755  1.0000  -4.5211   0.0000   0.0000   0.0000   0.2620
  13.000   1.3547   0.04970   0.04171  -0.0376  0.0674  1.0000  -4.7247   0.0000   0.0000   0.0000   0.2588
  13.500   1.3636   0.05407   0.04604  -0.0351  0.0599  1.0000  -4.9503   0.0000   0.0000   0.0000   0.2559
  14.000   1.3756   0.05843   0.05074  -0.0331  0.0553  1.0000  -5.1600   0.0000   0.0000   0.0000   0.2533
  14.500   1.3868   0.06288   0.05539  -0.0313  0.0512  1.0000  -5.3785   0.0000   0.0000   0.0000   0.2508
  15.000   1.4087   0.06765   0.06025  -0.0285  0.0471  1.0000  -5.6184   0.0000   0.0000   0.0000   0.2477


